"","C_pen","H_chr","L_con","L_for","M_bur","M_cap","M_cer","M_fus","M_gou","M_mus","N_ale","N_cer","N_fus","N_mit","P_apo","P_aus","P_del","P_des","P_gra","P_her","P_hig","P_mol","P_nov","P_ora","P_pat","P_sho","R_fus","R_leu","R_lut","R_nor","R_rat","R_sor","R_tun","R_vil","U_cau","X_myo","Z_arg","Z_ped"
"C_pen",1,0.792,0.756,0.813,0.383,0.246,0.729,0.673,0.449,0.772,0.712,0.689,0.748,0.694,0.894,0.671,0.49,0.467,0.635,0.606,0.137,0.842,0.958,0.62,0.785,0.519,0.33,0.875,0.817,0.349,0.434,0.624,0.642,0.504,0.36,0.8,0.311,0.312
"H_chr",0.792,1,0.398,0.489,0.051,0.013,0.889,0.262,0.0649999999999999,0.662,0.771,0.664,0.142,0.302,0.333,0.333,0.745,0.992,0.213,0.792,0.21,0.634,0.252,0.844,0.639,0.874,0.035,0.707,0.675,0.04,0.079,0.537,0.825,0.122,0.919,0.608,0.026,0.404
"L_con",0.756,0.398,1,0.932,0.291,0.015,0.484,0.193,0.0669999999999999,0.503,0.545,0.555,0.096,0.891,0.187,0.942,0.849,0.867,0.327,0.742,0.159,0.428,0.17,0.791,0.584,0.826,0.352,0.217,0.409,0.097,0.198,0.727,0.666,0.5,0.934,0.532,0.013,0.365
"L_for",0.813,0.489,0.932,1,0.297,0.01,0.551,0.233,0.043,0.562,0.635,0.62,0.128,0.811,0.24,0.995,0.905,0.922,0.211,0.788,0.183,0.493,0.222,0.827,0.629,0.882,0.36,0.26,0.484,0.077,0.18,0.798,0.728,0.478,0.964,0.604,0.002,0.402
"M_bur",0.383,0.051,0.291,0.297,1,0.317,0.088,0.037,0.715,0.081,0.116,0.141,0.012,0.322,0.017,0.252,0.356,0.423,0.837,0.306,0.042,0.08,0.019,0.48,0.201,0.322,0.958,0.011,0.055,0.65,0.941,0.197,0.176,0.698,0.562,0.18,0.357,0.115
"M_cap",0.246,0.013,0.015,0.01,0.317,1,0.024,0.015,0.44,0.011,0.029,0.0600000000000001,0.004,0.027,0.005,0.039,0.191,0.234,0.131,0.188,0.017,0.003,0.002,0.377,0.1,0.161,0.417,0.002,0.001,0.509,0.314,0.07,0.0639999999999999,0.167,0.363,0.094,0.97,0.0679999999999999
"M_cer",0.729,0.889,0.484,0.551,0.088,0.024,1,0.207,0.113,0.744,0.899,0.581,0.122,0.392,0.258,0.414,0.837,0.948,0.301,0.747,0.167,0.736,0.2,0.801,0.586,0.954,0.0600000000000001,0.582,0.78,0.0610000000000001,0.132,0.649,0.934,0.175,0.962,0.533,0.046,0.383
"M_fus",0.673,0.262,0.193,0.233,0.037,0.015,0.207,1,0.029,0.221,0.186,0.203,0.998,0.16,0.443,0.125,0.078,0.073,0.109,0.178,0.406,0.298,0.553,0.934,0.319,0.084,0.024,0.376,0.275,0.026,0.04,0.124,0.143,0.0610000000000001,0.047,0.361,0.019,0.651
"M_gou",0.449,0.0649999999999999,0.0669999999999999,0.043,0.715,0.44,0.113,0.029,1,0.0629999999999999,0.12,0.167,0.021,0.125,0.025,0.149,0.409,0.481,0.377,0.362,0.052,0.018,0.027,0.563,0.236,0.406,0.809,0.022,0.025,0.952,0.747,0.23,0.204,0.484,0.64,0.212,0.358,0.147
"M_mus",0.772,0.662,0.503,0.562,0.081,0.011,0.744,0.221,0.0629999999999999,1,0.868,0.581,0.12,0.399,0.222,0.502,0.972,0.888,0.221,0.76,0.18,0.94,0.223,0.814,0.613,0.9,0.078,0.396,0.993,0.036,0.087,0.895,0.827,0.164,0.951,0.584,0.018,0.377
"N_ale",0.712,0.771,0.545,0.635,0.116,0.029,0.899,0.186,0.12,0.868,1,0.55,0.103,0.434,0.233,0.47,0.924,0.895,0.315,0.69,0.15,0.844,0.188,0.761,0.54,0.962,0.094,0.471,0.903,0.072,0.149,0.754,0.958,0.198,0.986,0.519,0.056,0.337
"N_cer",0.689,0.664,0.555,0.62,0.141,0.0600000000000001,0.581,0.203,0.167,0.581,0.55,1,0.133,0.457,0.799,0.433,0.343,0.49,0.379,0.941,0.165,0.709,0.356,0.752,0.668,0.402,0.11,0.821,0.679,0.116,0.193,0.418,0.462,0.233,0.416,0.615,0.09,0.34
"N_fus",0.748,0.142,0.096,0.128,0.012,0.004,0.122,0.998,0.021,0.12,0.103,0.133,1,0.077,0.32,0.079,0.041,0.037,0.04,0.162,0.473,0.171,0.461,0.964,0.301,0.043,0.013,0.275,0.189,0.011,0.019,0.0629999999999999,0.07,0.025,0.025,0.337,0.01,0.74
"N_mit",0.694,0.302,0.891,0.811,0.322,0.027,0.392,0.16,0.125,0.399,0.434,0.457,0.077,1,0.139,0.857,0.767,0.797,0.432,0.649,0.129,0.354,0.119,0.76,0.51,0.753,0.356,0.149,0.321,0.11,0.23,0.632,0.546,0.572,0.892,0.458,0.029,0.301
"P_apo",0.894,0.333,0.187,0.24,0.017,0.005,0.258,0.443,0.025,0.222,0.233,0.799,0.32,0.139,1,0.12,0.18,0.389,0.079,0.92,0.354,0.311,0.578,0.904,0.899,0.249,0.02,0.522,0.302,0.015,0.031,0.139,0.201,0.048,0.353,0.876,0.01,0.567
"P_aus",0.671,0.333,0.942,0.995,0.252,0.039,0.414,0.125,0.149,0.502,0.47,0.433,0.079,0.857,0.12,1,0.752,0.767,0.44,0.627,0.109,0.524,0.122,0.725,0.469,0.72,0.273,0.156,0.476,0.101,0.201,0.69,0.563,0.463,0.852,0.441,0.047,0.278
"P_del",0.49,0.745,0.849,0.905,0.356,0.191,0.837,0.078,0.409,0.972,0.924,0.343,0.041,0.767,0.18,0.752,1,0.765,0.69,0.475,0.071,0.973,0.0679999999999999,0.585,0.324,0.864,0.279,0.551,0.984,0.303,0.414,0.892,0.884,0.498,0.903,0.295,0.245,0.199
"P_des",0.467,0.992,0.867,0.922,0.423,0.234,0.948,0.073,0.481,0.888,0.895,0.49,0.037,0.797,0.389,0.767,0.765,1,0.764,0.518,0.078,0.942,0.13,0.548,0.332,0.872,0.345,0.868,0.922,0.363,0.475,0.75,0.878,0.551,0.851,0.316,0.312,0.176
"P_gra",0.635,0.213,0.327,0.211,0.837,0.131,0.301,0.109,0.377,0.221,0.315,0.379,0.04,0.432,0.079,0.44,0.69,0.764,1,0.6,0.097,0.105,0.079,0.703,0.434,0.672,0.845,0.091,0.134,0.474,0.713,0.466,0.467,0.913,0.854,0.378,0.055,0.257
"P_her",0.606,0.792,0.742,0.788,0.306,0.188,0.747,0.178,0.362,0.76,0.69,0.941,0.162,0.649,0.92,0.627,0.475,0.518,0.6,1,0.1,0.844,0.527,0.621,0.746,0.486,0.252,0.894,0.825,0.263,0.362,0.584,0.614,0.42,0.403,0.67,0.238,0.241
"P_hig",0.137,0.21,0.159,0.183,0.042,0.017,0.167,0.406,0.052,0.18,0.15,0.165,0.473,0.129,0.354,0.109,0.071,0.078,0.097,0.1,1,0.234,0.377,0.5,0.147,0.08,0.027,0.309,0.237,0.039,0.051,0.118,0.126,0.0580000000000001,0.042,0.179,0.026,0.571
"P_mol",0.842,0.634,0.428,0.493,0.08,0.003,0.736,0.298,0.018,0.94,0.844,0.709,0.171,0.354,0.311,0.524,0.973,0.942,0.105,0.844,0.234,1,0.299,0.873,0.722,0.922,0.094,0.417,0.928,0.00900000000000001,0.047,0.948,0.884,0.158,0.973,0.691,0.002,0.466
"P_nov",0.958,0.252,0.17,0.222,0.019,0.002,0.2,0.553,0.027,0.223,0.188,0.356,0.461,0.119,0.578,0.122,0.0679999999999999,0.13,0.079,0.527,0.377,0.299,1,0.909,0.757,0.085,0.016,0.397,0.266,0.013,0.027,0.108,0.141,0.042,0.086,0.81,0.015,0.615
"P_ora",0.62,0.844,0.791,0.827,0.48,0.377,0.801,0.934,0.563,0.814,0.761,0.752,0.964,0.76,0.904,0.725,0.585,0.548,0.703,0.621,0.5,0.873,0.909,1,0.72,0.587,0.447,0.891,0.857,0.469,0.548,0.707,0.709,0.582,0.459,0.748,0.453,0.812
"P_pat",0.785,0.639,0.584,0.629,0.201,0.1,0.586,0.319,0.236,0.613,0.54,0.668,0.301,0.51,0.899,0.469,0.324,0.332,0.434,0.746,0.147,0.722,0.757,0.72,1,0.347,0.158,0.776,0.696,0.153,0.222,0.439,0.48,0.269,0.251,0.958,0.149,0.339
"P_sho",0.519,0.874,0.826,0.882,0.322,0.161,0.954,0.084,0.406,0.9,0.962,0.402,0.043,0.753,0.249,0.72,0.864,0.872,0.672,0.486,0.08,0.922,0.085,0.587,0.347,1,0.266,0.678,0.936,0.279,0.396,0.797,0.992,0.464,0.989,0.304,0.229,0.196
"R_fus",0.33,0.035,0.352,0.36,0.958,0.417,0.0600000000000001,0.024,0.809,0.078,0.094,0.11,0.013,0.356,0.02,0.273,0.279,0.345,0.845,0.252,0.027,0.094,0.016,0.447,0.158,0.266,1,0.02,0.079,0.74,0.988,0.185,0.14,0.648,0.488,0.145,0.507,0.107
"R_leu",0.875,0.707,0.217,0.26,0.011,0.002,0.582,0.376,0.022,0.396,0.471,0.821,0.275,0.149,0.522,0.156,0.551,0.868,0.091,0.894,0.309,0.417,0.397,0.891,0.776,0.678,0.02,1,0.407,0.013,0.022,0.315,0.57,0.044,0.768,0.754,0.005,0.525
"R_lut",0.817,0.675,0.409,0.484,0.055,0.001,0.78,0.275,0.025,0.993,0.903,0.679,0.189,0.321,0.302,0.476,0.984,0.922,0.134,0.825,0.237,0.928,0.266,0.857,0.696,0.936,0.079,0.407,1,0.00900000000000001,0.04,0.906,0.874,0.13,0.976,0.662,0.011,0.436
"R_nor",0.349,0.04,0.097,0.077,0.65,0.509,0.0610000000000001,0.026,0.952,0.036,0.072,0.116,0.011,0.11,0.015,0.101,0.303,0.363,0.474,0.263,0.039,0.00900000000000001,0.013,0.469,0.153,0.279,0.74,0.013,0.00900000000000001,1,0.709,0.132,0.137,0.402,0.513,0.148,0.529,0.106
"R_rat",0.434,0.079,0.198,0.18,0.941,0.314,0.132,0.04,0.747,0.087,0.149,0.193,0.019,0.23,0.031,0.201,0.414,0.475,0.713,0.362,0.051,0.047,0.027,0.548,0.222,0.396,0.988,0.022,0.04,0.709,1,0.226,0.201,0.64,0.619,0.21,0.293,0.15
"R_sor",0.624,0.537,0.727,0.798,0.197,0.07,0.649,0.124,0.23,0.895,0.754,0.418,0.0629999999999999,0.632,0.139,0.69,0.892,0.75,0.466,0.584,0.118,0.948,0.108,0.707,0.439,0.797,0.185,0.315,0.906,0.132,0.226,1,0.73,0.33,0.882,0.39,0.11,0.262
"R_tun",0.642,0.825,0.666,0.728,0.176,0.0639999999999999,0.934,0.143,0.204,0.827,0.958,0.462,0.07,0.546,0.201,0.563,0.884,0.878,0.467,0.614,0.126,0.884,0.141,0.709,0.48,0.992,0.14,0.57,0.874,0.137,0.201,0.73,1,0.269,0.992,0.435,0.09,0.277
"R_vil",0.504,0.122,0.5,0.478,0.698,0.167,0.175,0.0610000000000001,0.484,0.164,0.198,0.233,0.025,0.572,0.048,0.463,0.498,0.551,0.913,0.42,0.0580000000000001,0.158,0.042,0.582,0.269,0.464,0.648,0.044,0.13,0.402,0.64,0.33,0.269,1,0.664,0.252,0.197,0.157
"U_cau",0.36,0.919,0.934,0.964,0.562,0.363,0.962,0.047,0.64,0.951,0.986,0.416,0.025,0.892,0.353,0.852,0.903,0.851,0.854,0.403,0.042,0.973,0.086,0.459,0.251,0.989,0.488,0.768,0.976,0.513,0.619,0.882,0.992,0.664,1,0.208,0.458,0.122
"X_myo",0.8,0.608,0.532,0.604,0.18,0.094,0.533,0.361,0.212,0.584,0.519,0.615,0.337,0.458,0.876,0.441,0.295,0.316,0.378,0.67,0.179,0.691,0.81,0.748,0.958,0.304,0.145,0.754,0.662,0.148,0.21,0.39,0.435,0.252,0.208,1,0.124,0.357
"Z_arg",0.311,0.026,0.013,0.002,0.357,0.97,0.046,0.019,0.358,0.018,0.056,0.09,0.01,0.029,0.01,0.047,0.245,0.312,0.055,0.238,0.026,0.002,0.015,0.453,0.149,0.229,0.507,0.005,0.011,0.529,0.293,0.11,0.09,0.197,0.458,0.124,1,0.079
"Z_ped",0.312,0.404,0.365,0.402,0.115,0.0679999999999999,0.383,0.651,0.147,0.377,0.337,0.34,0.74,0.301,0.567,0.278,0.199,0.176,0.257,0.241,0.571,0.466,0.615,0.812,0.339,0.196,0.107,0.525,0.436,0.106,0.15,0.262,0.277,0.157,0.122,0.357,0.079,1
