"","C_pen","H_chr","L_con","L_for","M_bur","M_cap","M_cer","M_fus","M_gou","M_mus","N_ale","N_cer","N_fus","N_mit","P_apo","P_aus","P_del","P_des","P_gra","P_her","P_hig","P_mol","P_nov","P_ora","P_pat","P_sho","R_fus","R_leu","R_lut","R_nor","R_rat","R_sor","R_tun","R_vil","U_cau","X_myo","Z_arg","Z_ped"
"C_pen",1,0.192,0.172,0.375,0.679,0.511,0.551,0.551,0.224,0.307,0.629,0.204,0.469,0.447,0.19,0.493,0.359,0.822,0.549,0.417,0.569,0.461,0.084,0.569,0.749,0.529,0.479,0.483,0.633,0.619,0.749,0.541,0.561,0.467,0.84,0.238,0.752,0.487
"H_chr",0.192,1,0.022,0.03,0.098,0.036,0.04,0.315,0.11,0.072,0.152,0.046,0.244,0.112,0.014,0.162,0.291,0.373,0.114,0.182,0.06,0.024,0.01,0.086,0.445,0.064,0.048,0.092,0.026,0.022,0.078,0.046,0.078,0.044,0.888,0.277,0.086,0.034
"L_con",0.172,0.022,1,0.094,0.244,0.05,0.02,0.333,0.028,0.026,0.016,0.04,0.16,0.144,0.03,0.168,0.521,0.277,0.026,0.194,0.044,0.066,0.04,0.094,0.198,0.042,0.188,0.098,0.058,0.128,0.257,0.07,0.08,0.13,0.93,0.176,0.046,0.216
"L_for",0.375,0.03,0.094,1,0.064,0.07,0.082,0.068,0.194,0.092,0.439,0.076,0.277,0.253,0.232,0.058,0.044,0.12,0.19,0.006,0.18,0.248,0.01,0.255,0.084,0.236,0.303,0.008,0.024,0.585,0.172,0.042,0.124,0.086,0.8,0.01,0.02,0.182
"M_bur",0.679,0.098,0.244,0.064,1,0.285,0.493,0.21,0.347,0.024,0.623,0.12,0.383,0.914,0.064,0.457,0.158,0.651,0.749,0.114,0.599,0.529,0.01,0.852,0.375,0.643,0.731,0.192,0.78,0.988,0.852,0.912,0.82,0.938,0.946,0.076,0.341,0.697
"M_cap",0.511,0.036,0.05,0.07,0.285,1,0.964,0.463,0.633,0.032,0.305,0.132,0.058,0.856,0.052,0.691,0.136,0.737,0.283,0.184,0.331,0.719,0.014,0.543,0.236,0.98,0.976,0.138,0.421,0.998,0.814,0.585,0.164,0.263,0.908,0.078,0.75,0.836
"M_cer",0.551,0.04,0.02,0.082,0.493,0.964,1,0.459,0.431,0.072,0.261,0.072,0.088,0.76,0.028,0.747,0.255,0.653,0.359,0.206,0.19,0.671,0.024,0.409,0.22,0.982,0.996,0.118,0.339,0.976,0.77,0.481,0.062,0.285,0.906,0.072,0.888,0.89
"M_fus",0.551,0.315,0.333,0.068,0.21,0.463,0.459,1,0.776,0.012,0.487,0.192,0.086,0.681,0.024,0.186,0.202,0.679,0.144,0.202,0.75,0.311,0.042,0.299,0.23,0.333,0.615,0.425,0.677,0.758,0.699,0.575,0.375,0.212,0.842,0.046,0.331,0.363
"M_gou",0.224,0.11,0.028,0.194,0.347,0.633,0.431,0.776,1,0.098,0.148,0.152,0.062,0.291,0.224,0.487,0.152,0.884,0.525,0.439,0.246,0.457,0.291,0.437,0.455,0.375,0.224,0.246,0.309,0.116,0.096,0.186,0.152,0.118,0.856,0.437,0.621,0.208
"M_mus",0.307,0.072,0.026,0.092,0.024,0.032,0.072,0.012,0.098,1,0.158,0.012,0.2,0.088,0.032,0.064,0.062,0.022,0.088,0.052,0.066,0.06,0.014,0.08,0.098,0.056,0.204,0.062,0.024,0.138,0.144,0.028,0.032,0.052,0.653,0.008,0.1,0.192
"N_ale",0.629,0.152,0.016,0.439,0.623,0.305,0.261,0.487,0.148,0.158,1,0.248,0.05,0.449,0.2,0.22,0.224,0.697,0.517,0.13,0.25,0.178,0.008,0.489,0.469,0.367,0.281,0.032,0.146,0.938,0.523,0.265,0.397,0.144,0.886,0.136,0.222,0.138
"N_cer",0.204,0.046,0.04,0.076,0.12,0.132,0.072,0.192,0.152,0.012,0.248,1,0.03,0.202,0.176,0.058,0.22,0.669,0.084,0.088,0.112,0.068,0.004,0.068,0.379,0.06,0.04,0.052,0.106,0.09,0.138,0.118,0.072,0.032,0.822,0.232,0.076,0.09
"N_fus",0.469,0.244,0.16,0.277,0.383,0.058,0.088,0.086,0.062,0.2,0.05,0.03,1,0.024,0.03,0.297,0.355,0.481,0.214,0.084,0.068,0.493,0.016,0.06,0.443,0.06,0.056,0.034,0.05,0.236,0.467,0.305,0.355,0.663,0.966,0.792,0.014,0.082
"N_mit",0.447,0.112,0.144,0.253,0.914,0.856,0.76,0.681,0.291,0.088,0.449,0.202,0.024,1,0.172,0.259,0.24,0.667,0.778,0.158,0.617,0.629,0.06,0.597,0.321,0.936,0.737,0.104,0.579,0.98,0.75,0.651,0.271,0.355,0.866,0.124,0.563,0.766
"P_apo",0.19,0.014,0.03,0.232,0.064,0.052,0.028,0.024,0.224,0.032,0.2,0.176,0.03,0.172,1,0.022,0.01,0.186,0.122,0.02,0.05,0.022,0.13,0.158,0.24,0.088,0.056,0.018,0.054,0.2,0.032,0.048,0.058,0.038,0.601,0.022,0.042,0.032
"P_aus",0.493,0.162,0.168,0.058,0.457,0.691,0.747,0.186,0.487,0.064,0.22,0.058,0.297,0.259,0.022,1,0.09,0.503,0.042,0.118,0.337,0.914,0.004,0.202,0.313,0.541,0.952,0.176,0.218,0.996,0.93,0.643,0.393,0.691,0.952,0.096,0.138,0.423
"P_del",0.359,0.291,0.521,0.044,0.158,0.136,0.255,0.202,0.152,0.062,0.224,0.22,0.355,0.24,0.01,0.09,1,0.08,0.118,0.058,0.234,0.257,0.002,0.126,0.018,0.2,0.343,0.349,0.325,0.363,0.541,0.373,0.297,0.403,0.78,0.038,0.148,0.467
"P_des",0.822,0.373,0.277,0.12,0.651,0.737,0.653,0.679,0.884,0.022,0.697,0.669,0.481,0.667,0.186,0.503,0.08,1,0.774,0.168,0.595,0.633,0.068,0.657,0.842,0.603,0.575,0.623,0.778,0.852,0.633,0.695,0.607,0.545,0.948,0.136,0.633,0.483
"P_gra",0.549,0.114,0.026,0.19,0.749,0.283,0.359,0.144,0.525,0.088,0.517,0.084,0.214,0.778,0.122,0.042,0.118,0.774,1,0.082,0.311,0.545,0.022,0.824,0.429,0.627,0.619,0.012,0.226,0.966,0.727,0.309,0.098,0.435,0.894,0.066,0.102,0.351
"P_her",0.417,0.182,0.194,0.006,0.114,0.184,0.206,0.202,0.439,0.052,0.13,0.088,0.084,0.158,0.02,0.118,0.058,0.168,0.082,1,0.222,0.128,0.016,0.15,0.146,0.14,0.287,0.515,0.293,0.333,0.405,0.192,0.14,0.164,0.816,0.01,0.307,0.25
"P_hig",0.569,0.06,0.044,0.18,0.599,0.331,0.19,0.75,0.246,0.066,0.25,0.112,0.068,0.617,0.05,0.337,0.234,0.595,0.311,0.222,1,0.096,0.068,0.806,0.329,0.457,0.549,0.03,0.447,0.804,0.475,0.232,0.142,0.13,0.84,0.064,0.361,0.106
"P_mol",0.461,0.024,0.066,0.248,0.529,0.719,0.671,0.311,0.457,0.06,0.178,0.068,0.493,0.629,0.022,0.914,0.257,0.633,0.545,0.128,0.096,1,0.034,0.347,0.168,0.711,0.97,0.132,0.15,0.808,0.794,0.545,0.305,0.657,0.938,0.142,0.547,0.665
"P_nov",0.084,0.01,0.04,0.01,0.01,0.014,0.024,0.042,0.291,0.014,0.008,0.004,0.016,0.06,0.13,0.004,0.002,0.068,0.022,0.016,0.068,0.034,1,0.07,0.05,0.036,0.056,0.026,0.038,0.03,0.02,0.016,0.008,0.014,0.291,0.004,0.026,0.078
"P_ora",0.569,0.086,0.094,0.255,0.852,0.543,0.409,0.299,0.437,0.08,0.489,0.068,0.06,0.597,0.158,0.202,0.126,0.657,0.824,0.15,0.806,0.347,0.07,1,0.443,0.8,0.497,0.028,0.523,0.872,0.587,0.451,0.349,0.477,0.874,0.054,0.321,0.371
"P_pat",0.749,0.445,0.198,0.084,0.375,0.236,0.22,0.23,0.455,0.098,0.469,0.379,0.443,0.321,0.24,0.313,0.018,0.842,0.429,0.146,0.329,0.168,0.05,0.443,1,0.265,0.271,0.214,0.355,0.393,0.389,0.355,0.405,0.345,0.938,0.263,0.23,0.18
"P_sho",0.529,0.064,0.042,0.236,0.643,0.98,0.982,0.333,0.375,0.056,0.367,0.06,0.06,0.936,0.088,0.541,0.2,0.603,0.627,0.14,0.457,0.711,0.036,0.8,0.265,1,0.986,0.166,0.575,0.996,0.94,0.81,0.257,0.553,0.904,0.036,0.974,0.946
"R_fus",0.479,0.048,0.188,0.303,0.731,0.976,0.996,0.615,0.224,0.204,0.281,0.04,0.056,0.737,0.056,0.952,0.343,0.575,0.619,0.287,0.549,0.97,0.056,0.497,0.271,0.986,1,0.255,0.375,0.77,0.796,0.511,0.16,0.371,0.912,0.136,0.988,1
"R_leu",0.483,0.092,0.098,0.008,0.192,0.138,0.118,0.425,0.246,0.062,0.032,0.052,0.034,0.104,0.018,0.176,0.349,0.623,0.012,0.515,0.03,0.132,0.026,0.028,0.214,0.166,0.255,1,0.423,0.112,0.693,0.427,0.04,0.152,0.942,0.118,0.301,0.557
"R_lut",0.633,0.026,0.058,0.024,0.78,0.421,0.339,0.677,0.309,0.024,0.146,0.106,0.05,0.579,0.054,0.218,0.325,0.778,0.226,0.293,0.447,0.15,0.038,0.523,0.355,0.575,0.375,0.423,1,0.353,0.725,0.904,0.403,0.23,0.944,0.058,0.693,0.794
"R_nor",0.619,0.022,0.128,0.585,0.988,0.998,0.976,0.758,0.116,0.138,0.938,0.09,0.236,0.98,0.2,0.996,0.363,0.852,0.966,0.333,0.804,0.808,0.03,0.872,0.393,0.996,0.77,0.112,0.353,1,0.615,0.681,0.719,0.325,0.896,0.078,0.984,0.754
"R_rat",0.749,0.078,0.257,0.172,0.852,0.814,0.77,0.699,0.096,0.144,0.523,0.138,0.467,0.75,0.032,0.93,0.541,0.633,0.727,0.405,0.475,0.794,0.02,0.587,0.389,0.94,0.796,0.693,0.725,0.615,1,0.984,0.91,0.884,0.958,0.226,0.776,0.794
"R_sor",0.541,0.046,0.07,0.042,0.912,0.585,0.481,0.575,0.186,0.028,0.265,0.118,0.305,0.651,0.048,0.643,0.373,0.695,0.309,0.192,0.232,0.545,0.016,0.451,0.355,0.81,0.511,0.427,0.904,0.681,0.984,1,0.916,0.591,0.966,0.136,0.483,0.723
"R_tun",0.561,0.078,0.08,0.124,0.82,0.164,0.062,0.375,0.152,0.032,0.397,0.072,0.355,0.271,0.058,0.393,0.297,0.607,0.098,0.14,0.142,0.305,0.008,0.349,0.405,0.257,0.16,0.04,0.403,0.719,0.91,0.916,1,0.888,0.976,0.134,0.096,0.198
"R_vil",0.467,0.044,0.13,0.086,0.938,0.263,0.285,0.212,0.118,0.052,0.144,0.032,0.663,0.355,0.038,0.691,0.403,0.545,0.435,0.164,0.13,0.657,0.014,0.477,0.345,0.553,0.371,0.152,0.23,0.325,0.884,0.591,0.888,1,0.982,0.174,0.269,0.561
"U_cau",0.84,0.888,0.93,0.8,0.946,0.908,0.906,0.842,0.856,0.653,0.886,0.822,0.966,0.866,0.601,0.952,0.78,0.948,0.894,0.816,0.84,0.938,0.291,0.874,0.938,0.904,0.912,0.942,0.944,0.896,0.958,0.966,0.976,0.982,1,0.984,0.9,0.898
"X_myo",0.238,0.277,0.176,0.01,0.076,0.078,0.072,0.046,0.437,0.008,0.136,0.232,0.792,0.124,0.022,0.096,0.038,0.136,0.066,0.01,0.064,0.142,0.004,0.054,0.263,0.036,0.136,0.118,0.058,0.078,0.226,0.136,0.134,0.174,0.984,1,0.02,0.074
"Z_arg",0.752,0.086,0.046,0.02,0.341,0.75,0.888,0.331,0.621,0.1,0.222,0.076,0.014,0.563,0.042,0.138,0.148,0.633,0.102,0.307,0.361,0.547,0.026,0.321,0.23,0.974,0.988,0.301,0.693,0.984,0.776,0.483,0.096,0.269,0.9,0.02,1,0.86
"Z_ped",0.487,0.034,0.216,0.182,0.697,0.836,0.89,0.363,0.208,0.192,0.138,0.09,0.082,0.766,0.032,0.423,0.467,0.483,0.351,0.25,0.106,0.665,0.078,0.371,0.18,0.946,1,0.557,0.794,0.754,0.794,0.723,0.198,0.561,0.898,0.074,0.86,1
